[R0].Married.[8][9]
[R0].M-ParentOf.[65][66][67][68][73][74][75][76]
[R0].M-ParentOf-MLPChild.[1][2][3][4][9][10][11][12][1][2][3][4][9][10][11][12]
[R0].F-RelativeOf.[112][113][114][115][116][117][118][119][120][121][122][123][124][125][126][127]
[R0].MLP-ChildOf.[]
[R1].Married.[9][10]
[R1].M-ParentOf.[66][67][68][69][74][75][76][77]
[R1].M-ParentOf-MLPChild.[2][3][4][5][10][11][12][13][2][3][4][5][10][11][12][13]
[R1].F-RelativeOf.[112][113][114][115][116][117][118][119][120][121][122][123][124][125][126][127]
[R1].MLP-ChildOf.[0][8][16][24]
[R2].Married.[10][11]
[R2].M-ParentOf.[54][62][67][68][69][70][75][76][77][78]
[R2].M-ParentOf-MLPChild.[3][4][5][6][11][12][13][14][3][4][5][6][11][12][13][14]
[R2].F-RelativeOf.[112][113][114][115][116][117][118][119][120][121][122][123][124][125][126][127]
[R2].MLP-ChildOf.[0][1][8][9][16][17][24][25]
[R3].Married.[11][12]
[R3].M-ParentOf.[39][47][54][62][68][69][70][76][77][78]
[R3].M-ParentOf-MLPChild.[4][5][6][12][13][14][4][5][6][12][13][14]
[R3].F-RelativeOf.[112][113][114][115][116][117][118][119][120][121][122][123][124][125][126][127]
[R3].MLP-ChildOf.[0][1][2][8][9][10][16][17][18][24][25][26]
[R4].Married.[12][13]
[R4].M-ParentOf.[39][47][54][62][69][70][77][78]
[R4].M-ParentOf-MLPChild.[5][6][13][14][5][6][13][14]
[R4].F-RelativeOf.[112][113][114][115][116][117][118][119][120][121][122][123][124][125][126][127]
[R4].MLP-ChildOf.[0][1][2][3][8][9][10][11][16][17][18][19][24][25][26][27]
[R5].Married.[13][14]
[R5].M-ParentOf.[39][47][54][62][70][78]
[R5].M-ParentOf-MLPChild.[6][14][6][14]
[R5].F-RelativeOf.[112][113][114][115][116][117][118][119][120][121][122][123][124][125][126][127]
[R5].MLP-ChildOf.[1][2][3][4][9][10][11][12][17][18][19][20][25][26][27][28]
[R6].Married.[14]
[R6].M-ParentOf.[39][47]
[R6].M-ParentOf-MLPChild.[]
[R6].F-RelativeOf.[112][113][114][115][116][117][118][119][120][121][122][123][124][125][126][127]
[R6].MLP-ChildOf.[2][3][4][5][10][11][12][13][18][19][20][21][26][27][28][29]
[R8].Married.[0]
[R8].M-ParentOf.[65][66][67][68][73][74][75][76]
[R8].M-ParentOf-MLPChild.[1][2][3][4][9][10][11][12][1][2][3][4][9][10][11][12]
[R8].F-RelativeOf.[112][113][114][115][116][117][118][119][120][121][122][123][124][125][126][127]
[R8].MLP-ChildOf.[]
[R9].Married.[0][1]
[R9].M-ParentOf.[66][67][68][69][74][75][76][77]
[R9].M-ParentOf-MLPChild.[2][3][4][5][10][11][12][13][2][3][4][5][10][11][12][13]
[R9].F-RelativeOf.[112][113][114][115][116][117][118][119][120][121][122][123][124][125][126][127]
[R9].MLP-ChildOf.[0][8][16][24]
[R10].Married.[1][2]
[R10].M-ParentOf.[54][62][67][68][69][70][75][76][77][78]
[R10].M-ParentOf-MLPChild.[3][4][5][6][11][12][13][14][3][4][5][6][11][12][13][14]
[R10].F-RelativeOf.[112][113][114][115][116][117][118][119][120][121][122][123][124][125][126][127]
[R10].MLP-ChildOf.[0][1][8][9][16][17][24][25]
[R11].Married.[2][3]
[R11].M-ParentOf.[39][47][54][62][68][69][70][76][77][78]
[R11].M-ParentOf-MLPChild.[4][5][6][12][13][14][4][5][6][12][13][14]
[R11].F-RelativeOf.[112][113][114][115][116][117][118][119][120][121][122][123][124][125][126][127]
[R11].MLP-ChildOf.[0][1][2][8][9][10][16][17][18][24][25][26]
[R12].Married.[3][4]
[R12].M-ParentOf.[39][47][54][62][69][70][77][78]
[R12].M-ParentOf-MLPChild.[5][6][13][14][5][6][13][14]
[R12].F-RelativeOf.[112][113][114][115][116][117][118][119][120][121][122][123][124][125][126][127]
[R12].MLP-ChildOf.[0][1][2][3][8][9][10][11][16][17][18][19][24][25][26][27]
[R13].Married.[4][5]
[R13].M-ParentOf.[39][47][54][62][70][78]
[R13].M-ParentOf-MLPChild.[6][14][6][14]
[R13].F-RelativeOf.[112][113][114][115][116][117][118][119][120][121][122][123][124][125][126][127]
[R13].MLP-ChildOf.[1][2][3][4][9][10][11][12][17][18][19][20][25][26][27][28]
[R14].Married.[5][6]
[R14].M-ParentOf.[39][47]
[R14].M-ParentOf-MLPChild.[]
[R14].F-RelativeOf.[112][113][114][115][116][117][118][119][120][121][122][123][124][125][126][127]
[R14].MLP-ChildOf.[2][3][4][5][10][11][12][13][18][19][20][21][26][27][28][29]
[R16].LP-ParentOf.[65][66][67][68][73][74][75][76]
[R16].LP-ParentOf-MLPChild.[1][2][3][4][9][10][11][12][1][2][3][4][9][10][11][12]
[R16].F-RelativeOf.[112][113][114][115][116][117][118][119][120][121][122][123][124][125][126][127]
[R16].MLP-ChildOf.[]
[R17].LP-ParentOf.[66][67][68][69][74][75][76][77]
[R17].LP-ParentOf-MLPChild.[2][3][4][5][10][11][12][13][2][3][4][5][10][11][12][13]
[R17].F-RelativeOf.[112][113][114][115][116][117][118][119][120][121][122][123][124][125][126][127]
[R17].MLP-ChildOf.[0][8][16][24]
[R18].LP-ParentOf.[54][62][67][68][69][70][75][76][77][78]
[R18].LP-ParentOf-MLPChild.[3][4][5][6][11][12][13][14][3][4][5][6][11][12][13][14]
[R18].F-RelativeOf.[112][113][114][115][116][117][118][119][120][121][122][123][124][125][126][127]
[R18].MLP-ChildOf.[0][1][8][9][16][17][24][25]
[R19].LP-ParentOf.[39][47][54][62][68][69][70][76][77][78]
[R19].LP-ParentOf-MLPChild.[4][5][6][12][13][14][4][5][6][12][13][14]
[R19].F-RelativeOf.[112][113][114][115][116][117][118][119][120][121][122][123][124][125][126][127]
[R19].MLP-ChildOf.[0][1][2][8][9][10][16][17][18][24][25][26]
[R20].LP-ParentOf.[39][47][54][62][69][70][77][78]
[R20].LP-ParentOf-MLPChild.[5][6][13][14][5][6][13][14]
[R20].F-RelativeOf.[112][113][114][115][116][117][118][119][120][121][122][123][124][125][126][127]
[R20].MLP-ChildOf.[0][1][2][3][8][9][10][11][16][17][18][19][24][25][26][27]
[R21].LP-ParentOf.[39][47][54][62][70][78]
[R21].LP-ParentOf-MLPChild.[6][14][6][14]
[R21].F-RelativeOf.[112][113][114][115][116][117][118][119][120][121][122][123][124][125][126][127]
[R21].MLP-ChildOf.[1][2][3][4][9][10][11][12][17][18][19][20][25][26][27][28]
[R22].LP-ParentOf.[39][47]
[R22].LP-ParentOf-MLPChild.[]
[R22].F-RelativeOf.[112][113][114][115][116][117][118][119][120][121][122][123][124][125][126][127]
[R22].MLP-ChildOf.[2][3][4][5][10][11][12][13][18][19][20][21][26][27][28][29]
[R24].LP-ParentOf.[65][66][67][68][73][74][75][76]
[R24].LP-ParentOf-MLPChild.[1][2][3][4][9][10][11][12][1][2][3][4][9][10][11][12]
[R24].F-RelativeOf.[112][113][114][115][116][117][118][119][120][121][122][123][124][125][126][127]
[R24].MLP-ChildOf.[]
[R25].LP-ParentOf.[66][67][68][69][74][75][76][77]
[R25].LP-ParentOf-MLPChild.[2][3][4][5][10][11][12][13][2][3][4][5][10][11][12][13]
[R25].F-RelativeOf.[112][113][114][115][116][117][118][119][120][121][122][123][124][125][126][127]
[R25].MLP-ChildOf.[0][8][16][24]
[R26].LP-ParentOf.[54][62][67][68][69][70][75][76][77][78]
[R26].LP-ParentOf-MLPChild.[3][4][5][6][11][12][13][14][3][4][5][6][11][12][13][14]
[R26].F-RelativeOf.[112][113][114][115][116][117][118][119][120][121][122][123][124][125][126][127]
[R26].MLP-ChildOf.[0][1][8][9][16][17][24][25]
[R27].LP-ParentOf.[39][47][54][62][68][69][70][76][77][78]
[R27].LP-ParentOf-MLPChild.[4][5][6][12][13][14][4][5][6][12][13][14]
[R27].F-RelativeOf.[112][113][114][115][116][117][118][119][120][121][122][123][124][125][126][127]
[R27].MLP-ChildOf.[0][1][2][8][9][10][16][17][18][24][25][26]
[R28].LP-ParentOf.[39][47][54][62][69][70][77][78]
[R28].LP-ParentOf-MLPChild.[5][6][13][14][5][6][13][14]
[R28].F-RelativeOf.[112][113][114][115][116][117][118][119][120][121][122][123][124][125][126][127]
[R28].MLP-ChildOf.[0][1][2][3][8][9][10][11][16][17][18][19][24][25][26][27]
[R29].LP-ParentOf.[39][47][54][62][70][78]
[R29].LP-ParentOf-MLPChild.[6][14][6][14]
[R29].F-RelativeOf.[112][113][114][115][116][117][118][119][120][121][122][123][124][125][126][127]
[R29].MLP-ChildOf.[1][2][3][4][9][10][11][12][17][18][19][20][25][26][27][28]
[R30].LP-ParentOf.[39][47]
[R30].LP-ParentOf-MLPChild.[]
[R30].F-RelativeOf.[112][113][114][115][116][117][118][119][120][121][122][123][124][125][126][127]
[R30].MLP-ChildOf.[2][3][4][5][10][11][12][13][18][19][20][21][26][27][28][29]
[R39].ChildOf.[3][4][5][6][11][12][13][14][19][20][21][22][27][28][29][30]
[R47].ChildOf.[3][4][5][6][11][12][13][14][19][20][21][22][27][28][29][30]
[R54].ChildOf.[2][3][4][5][10][11][12][13][18][19][20][21][26][27][28][29]
[R62].ChildOf.[2][3][4][5][10][11][12][13][18][19][20][21][26][27][28][29]
[R64].ChildOf.[]
[R65].ChildOf.[0][8][16][24]
[R66].ChildOf.[0][1][8][9][16][17][24][25]
[R67].ChildOf.[0][1][2][8][9][10][16][17][18][24][25][26]
[R68].ChildOf.[0][1][2][3][8][9][10][11][16][17][18][19][24][25][26][27]
[R69].ChildOf.[1][2][3][4][9][10][11][12][17][18][19][20][25][26][27][28]
[R70].ChildOf.[2][3][4][5][10][11][12][13][18][19][20][21][26][27][28][29]
[R72].ChildOf.[]
[R73].ChildOf.[0][8][16][24]
[R74].ChildOf.[0][1][8][9][16][17][24][25]
[R75].ChildOf.[0][1][2][8][9][10][16][17][18][24][25][26]
[R76].ChildOf.[0][1][2][3][8][9][10][11][16][17][18][19][24][25][26][27]
[R77].ChildOf.[1][2][3][4][9][10][11][12][17][18][19][20][25][26][27][28]
[R78].ChildOf.[2][3][4][5][10][11][12][13][18][19][20][21][26][27][28][29]
[R80].GroupHhold.[80][81][88][89]
[R81].GroupHhold.[80][81][82][88][89][90]
[R82].GroupHhold.[81][82][83][89][90][91]
[R83].GroupHhold.[82][83][84][90][91][92]
[R84].GroupHhold.[83][84][85][91][92][93]
[R85].GroupHhold.[84][85][86][92][93][94]
[R86].GroupHhold.[85][86][93][94]
[R88].GroupHhold.[80][81][88][89]
[R89].GroupHhold.[80][81][82][88][89][90]
[R90].GroupHhold.[81][82][83][89][90][91]
[R91].GroupHhold.[82][83][84][90][91][92]
[R92].GroupHhold.[83][84][85][91][92][93]
[R93].GroupHhold.[84][85][86][92][93][94]
[R94].GroupHhold.[85][86][93][94]
[R96].NONE.[]
[R97].NONE.[]
[R98].NONE.[]
[R99].NONE.[]
[R100].NONE.[]
[R101].NONE.[]
[R102].NONE.[]
[R104].NONE.[]
[R105].NONE.[]
[R106].NONE.[]
[R107].NONE.[]
[R108].NONE.[]
[R109].NONE.[]
[R110].NONE.[]
[R112].RelativeOther.[112][113][114][115][116][117][118][119][120][121][122][123][124][125][126][127]
[R112].RelativeOf.[0][1][2][3][4][5][6][8][9][10][11][12][13][14][16][17][18][19][20][21][22][24][25][26][27][28][29][30]
[R113].RelativeOther.[112][113][114][115][116][117][118][119][120][121][122][123][124][125][126][127]
[R113].RelativeOf.[0][1][2][3][4][5][6][8][9][10][11][12][13][14][16][17][18][19][20][21][22][24][25][26][27][28][29][30]
[R114].RelativeOther.[112][113][114][115][116][117][118][119][120][121][122][123][124][125][126][127]
[R114].RelativeOf.[0][1][2][3][4][5][6][8][9][10][11][12][13][14][16][17][18][19][20][21][22][24][25][26][27][28][29][30]
[R115].RelativeOther.[112][113][114][115][116][117][118][119][120][121][122][123][124][125][126][127]
[R115].RelativeOf.[0][1][2][3][4][5][6][8][9][10][11][12][13][14][16][17][18][19][20][21][22][24][25][26][27][28][29][30]
[R116].RelativeOther.[112][113][114][115][116][117][118][119][120][121][122][123][124][125][126][127]
[R116].RelativeOf.[0][1][2][3][4][5][6][8][9][10][11][12][13][14][16][17][18][19][20][21][22][24][25][26][27][28][29][30]
[R117].RelativeOther.[112][113][114][115][116][117][118][119][120][121][122][123][124][125][126][127]
[R117].RelativeOf.[0][1][2][3][4][5][6][8][9][10][11][12][13][14][16][17][18][19][20][21][22][24][25][26][27][28][29][30]
[R118].RelativeOther.[112][113][114][115][116][117][118][119][120][121][122][123][124][125][126][127]
[R118].RelativeOf.[0][1][2][3][4][5][6][8][9][10][11][12][13][14][16][17][18][19][20][21][22][24][25][26][27][28][29][30]
[R119].RelativeOther.[112][113][114][115][116][117][118][119][120][121][122][123][124][125][126][127]
[R119].RelativeOf.[0][1][2][3][4][5][6][8][9][10][11][12][13][14][16][17][18][19][20][21][22][24][25][26][27][28][29][30]
[R120].RelativeOther.[112][113][114][115][116][117][118][119][120][121][122][123][124][125][126][127]
[R120].RelativeOf.[0][1][2][3][4][5][6][8][9][10][11][12][13][14][16][17][18][19][20][21][22][24][25][26][27][28][29][30]
[R121].RelativeOther.[112][113][114][115][116][117][118][119][120][121][122][123][124][125][126][127]
[R121].RelativeOf.[0][1][2][3][4][5][6][8][9][10][11][12][13][14][16][17][18][19][20][21][22][24][25][26][27][28][29][30]
[R122].RelativeOther.[112][113][114][115][116][117][118][119][120][121][122][123][124][125][126][127]
[R122].RelativeOf.[0][1][2][3][4][5][6][8][9][10][11][12][13][14][16][17][18][19][20][21][22][24][25][26][27][28][29][30]
[R123].RelativeOther.[112][113][114][115][116][117][118][119][120][121][122][123][124][125][126][127]
[R123].RelativeOf.[0][1][2][3][4][5][6][8][9][10][11][12][13][14][16][17][18][19][20][21][22][24][25][26][27][28][29][30]
[R124].RelativeOther.[112][113][114][115][116][117][118][119][120][121][122][123][124][125][126][127]
[R124].RelativeOf.[0][1][2][3][4][5][6][8][9][10][11][12][13][14][16][17][18][19][20][21][22][24][25][26][27][28][29][30]
[R125].RelativeOther.[112][113][114][115][116][117][118][119][120][121][122][123][124][125][126][127]
[R125].RelativeOf.[0][1][2][3][4][5][6][8][9][10][11][12][13][14][16][17][18][19][20][21][22][24][25][26][27][28][29][30]
[R126].RelativeOther.[112][113][114][115][116][117][118][119][120][121][122][123][124][125][126][127]
[R126].RelativeOf.[0][1][2][3][4][5][6][8][9][10][11][12][13][14][16][17][18][19][20][21][22][24][25][26][27][28][29][30]
[R127].RelativeOther.[112][113][114][115][116][117][118][119][120][121][122][123][124][125][126][127]
[R127].RelativeOf.[0][1][2][3][4][5][6][8][9][10][11][12][13][14][16][17][18][19][20][21][22][24][25][26][27][28][29][30]
